                   0.22353      0.22353      0.22353
                   0.35686      0.34510      0.29020
                   0.40392      0.40392      0.36471
                   0.45098      0.46667      0.44314
                   0.50196      0.53333      0.53333
                   0.55294      0.60000      0.62745
                   0.60784      0.67059      0.72941
                   0.66275      0.74510      0.72941
                   0.71765      0.82353      0.64314
                   0.73333      0.80392      0.62353
                   0.74902      0.78824      0.60392
                   0.76471      0.77255      0.58824
                   0.77647      0.75686      0.57255
                   0.79216      0.74118      0.55686
                   0.80784      0.73333      0.54118
                   0.82353      0.71765      0.52941
                   0.83922      0.70588      0.51373
                   0.85490      0.69804      0.50588
                   0.87059      0.68235      0.49412
                   0.85490      0.67451      0.48627
                   0.83922      0.66667      0.47843
                   0.82745      0.65882      0.47059
                   0.81569      0.65098      0.46275
                   0.80392      0.63922      0.45882
                   0.79216      0.63529      0.45490
                   0.78431      0.62745      0.45098
                   0.77255      0.61961      0.44706
                   0.76078      0.61176      0.44706
                   0.74902      0.60784      0.44706
                   0.74510      0.60392      0.44706
                   0.73333      0.60000      0.44706
                   0.72941      0.59608      0.45098
                   0.71765      0.59216      0.45490
                   0.70980      0.58824      0.45882
                   0.70588      0.58824      0.46275
                   0.69412      0.58431      0.47059
                   0.69020      0.58039      0.47843
                   0.68235      0.58039      0.48627
                   0.67843      0.58039      0.49412
                   0.67451      0.57647      0.50588
                   0.66667      0.58039      0.51373
                   0.66275      0.57647      0.52941
                   0.65490      0.58039      0.54118
                   0.65098      0.58039      0.55686
                   0.64706      0.58039      0.57255
                   0.64314      0.58431      0.58824
                   0.63529      0.58824      0.60392
                   0.63529      0.58824      0.62353
                   0.63137      0.59216      0.64314
                   0.62745      0.59608      0.65882
                   0.62745      0.60000      0.68235
                   0.62353      0.60392      0.70588
                   0.62353      0.60784      0.72941
                   0.61961      0.61176      0.75686
                   0.61961      0.61961      0.78431
                   0.61569      0.62745      0.75686
                   0.61569      0.63529      0.72941
                   0.61176      0.63922      0.70588
                   0.61176      0.65098      0.68235
                   0.61176      0.65882      0.65882
                   0.61176      0.66667      0.64314
                   0.61176      0.67451      0.62353
                   0.61176      0.68235      0.60392
                   0.61176      0.69804      0.58824
                   0.61176      0.70588      0.57255
                   0.61569      0.71765      0.55686
                   0.61569      0.73333      0.54118
                   0.61961      0.74118      0.52941
                   0.61961      0.75686      0.51373
                   0.62353      0.77255      0.50588
                   0.62353      0.78824      0.49412
                   0.62745      0.80392      0.48627
                   0.62745      0.82353      0.47843
                   0.63137      0.80392      0.47059
                   0.63529      0.78824      0.46275
                   0.63529      0.77255      0.45882
                   0.64314      0.75686      0.45490
                   0.64706      0.74118      0.45098
                   0.65098      0.73333      0.44706
                   0.65490      0.71765      0.44706
                   0.66275      0.70588      0.44706
                   0.66667      0.69804      0.44706
                   0.67451      0.68235      0.44706
                   0.67843      0.67451      0.45098
                   0.68235      0.66667      0.45490
                   0.69020      0.65882      0.45882
                   0.69412      0.65098      0.46275
                   0.70588      0.63922      0.47059
                   0.70980      0.63529      0.47843
                   0.71765      0.62745      0.48627
                   0.72941      0.61961      0.49412
                   0.73333      0.61176      0.50588
                   0.74510      0.60784      0.51373
                   0.74902      0.60392      0.52941
                   0.76078      0.60000      0.54118
                   0.77647      0.59608      0.55686
                   0.79216      0.59216      0.57255
                   0.80392      0.58824      0.58824
                   0.81961      0.58824      0.60392
                   0.83922      0.58431      0.62353
                   0.85490      0.58039      0.64314
                   0.87451      0.58039      0.65882
                   0.89804      0.58039      0.68235
                   0.92157      0.57647      0.70588
                   0.91373      0.58039      0.72941
                   0.90588      0.57647      0.75686
                   0.89804      0.58039      0.78431
                   0.89412      0.58039      0.75686
                   0.88627      0.58039      0.72941
                   0.88235      0.58431      0.70588
                   0.87843      0.58824      0.68235
                   0.87451      0.58824      0.65882
                   0.87059      0.59216      0.64314
                   0.86275      0.59608      0.62353
                   0.86275      0.60000      0.60392
                   0.85882      0.60392      0.58824
                   0.85882      0.60784      0.57255
                   0.85490      0.61176      0.55686
                   0.85098      0.61961      0.54118
                   0.85490      0.62745      0.52941
                   0.85098      0.63529      0.51373
                   0.85098      0.63922      0.50588
                   0.85098      0.65490      0.49412
                   0.85098      0.67059      0.48627
                   0.85490      0.68235      0.47843
                   0.85098      0.69804      0.47059
                   0.85490      0.71373      0.46275
                   0.85098      0.74118      0.45882
                   0.85490      0.75686      0.45490
                   0.85882      0.78039      0.45098
                   0.86275      0.80392      0.44706
                   0.86275      0.82353      0.44706
                   0.86667      0.85098      0.44706
                   0.87059      0.87843      0.44706
                   0.87451      0.90980      0.44706
                   0.87843      0.93725      0.45098
                   0.88235      0.97255      0.45490
                   0.88627      0.96471      0.45882
                   0.89020      0.96078      0.46275
                   0.89804      0.95686      0.47059
                   0.90196      0.95294      0.47843
                   0.90588      0.94902      0.48627
                   0.91373      0.94902      0.49412
                   0.91765      0.94510      0.50588
                   0.92549      0.94118      0.51373
                   0.92941      0.94510      0.52941
                   0.94118      0.94118      0.54118
                   0.94902      0.94510      0.55686
                   0.95294      0.94510      0.57255
                   0.96078      0.94510      0.58824
                   0.97255      0.94902      0.60392
                   0.98039      0.94902      0.62745
                   0.98824      0.95294      0.65098
                   0.99208      0.95686      0.67451
                   0.99608      0.95686      0.70588
                   1.00000      0.96078      0.73333
                   1.00000      0.96863      0.76863
                   1.00000      0.97255      0.80392
                   1.00000      0.98039      0.84314
