           0           0           0
          45           0          36
          56           0          46
          60           1          49
          67           1          54
          70           1          59
          71           1          61
          75           1          68
          74           2          73
          74           2          77
          73           2          81
          71           3          87
          69           3          90
          68           3          94
          66           4          97
          63           6         102
          61           8         106
          58          10         109
          56          12         113
          53          15         116
          48          18         119
          47          20         121
          44          23         124
          41          27         128
          40          28         129
          37          32         132
          34          36         134
          29          43         137
          25          52         138
          24          57         139
          24          62         141
          24          64         142
          23          65         142
          23          69         143
          23          71         142
          23          71         142
          23          73         142
          23          75         142
          23          76         142
          23          78         142
          23          80         142
          23          81         142
          23          82         141
          23          84         141
          23          85         141
          23          87         140
          23          88         140
          24          90         140
          24          90         140
          24          92         139
          24          93         139
          24          95         139
          24          97         139
          24          98         139
          25         100         138
          25         101         138
          25         104         137
          25         105         137
          25         106         137
          26         108         137
          26         109         137
          27         111         136
          27         111         136
          27         113         136
          27         115         135
          27         116         135
          28         118         134
          28         119         134
          29         122         133
          29         122         133
          29         123         133
          29         124         132
          29         125         132
          30         128         131
          30         129         131
          31         130         130
          31         131         130
          31         133         129
          32         134         128
          32         134         128
          33         136         127
          33         137         127
          34         139         126
          34         140         125
          35         141         123
          35         142         123
          36         143         121
          36         144         121
          36         145         121
          37         146         119
          37         147         118
          38         150         116
          39         151         115
          40         152         113
          40         153         113
          41         154         111
          41         154         111
          42         156         108
          42         156         108
          43         157         106
          43         158         106
          44         159         106
          45         160         104
          45         161         104
          46         162         101
          46         163         101
          48         164          99
          49         165          99
          50         166          97
          50         167          97
          51         168          95
          52         170          94
          53         170          93
          53         171          93
          55         172          92
          56         172          91
          57         173          88
          57         174          88
          59         175          86
          62         177          84
          64         178          82
          64         179          81
          67         180          80
          67         180          80
          69         181          79
          72         183          77
          72         183          77
          75         184          76
          77         186          74
          80         187          73
          83         189          72
          87         190          72
          91         191          71
          95         192          70
          99         193          70
         103         194          70
         107         195          70
         111         196          70
         111         196          70
         115         196          70
         119         197          70
         123         197          70
         130         198          71
         133         199          71
         137         199          72
         140         199          72
         143         199          73
         143         199          73
         147         199          73
         150         199          74
         153         199          74
         156         199          75
         160         200          76
         167         200          78
         170         200          79
         173         200          79
         173         200          79
         177         200          80
         180         200          81
         183         199          82
         186         199          82
         190         199          83
         196         199          85
         199         198          85
         199         198          85
         203         198          86
         206         197          87
         212         197          89
         215         196          90
         218         195          91
         224         194          94
         224         194          94
         230         193          96
         233         192          98
         236         190         100
         238         189         104
         240         188         106
         240         188         106
         242         187         110
         244         185         114
         245         184         116
         247         183         120
         248         182         123
         248         182         123
         250         181         125
         251         180         128
         252         180         130
         253         180         133
         253         180         133
         253         180         134
         253         179         138
         254         179         142
         254         179         145
         254         179         145
         254         179         152
         254         180         161
         254         180         164
         254         180         167
         254         180         167
         255         181         169
         255         181         170
         255         182         173
         255         183         176
         255         183         176
         255         184         179
         255         185         179
         255         185         182
         255         186         182
         255         186         182
         255         187         185
         255         188         185
         255         189         188
         255         189         188
         255         190         188
         255         191         191
         255         192         191
         255         194         194
         255         194         194
         255         197         197
         255         198         198
         255         200         200
         255         201         201
         255         201         201
         255         202         202
         255         203         203
         255         205         205
         255         206         206
         255         208         208
         255         209         209
         255         211         211
         255         215         215
         255         216         216
         255         216         216
         255         218         218
         255         219         219
         255         221         221
         255         223         223
         255         226         226
         255         228         228
         255         230         230
         255         230         230
         255         232         232
         255         235         235
         255         237         237
         255         240         240
         255         246         246
         255         251         251
         255         255         255
